G1			
X1	Z1	X2	Z2
-13.28009992	-8.853833335	-11.55824224	-9.202666668
-13.27230871	-8.804000002	-11.55824224	-8.903666668
-13.27230871	-9.103000002	-11.55824224	-8.903666668
-13.27230871	-8.804000002	-11.55824224	-8.903666668
-13.27230871	-8.804000002	-11.55824224	-8.903666668
-13.27230871	-8.804000002	-11.55824224	-8.903666668
-13.27230871	-8.804000002	-11.55824224	-8.856947918
-13.27230871	-8.757281252	-11.55824224	-8.903666668
-13.27230871	-8.804000002	-11.55824224	-8.903666668
-13.27230871	-8.804000002	-11.55045103	-9.451833335
-13.27230871	-8.804000002	-11.55824224	-8.903666668
-13.27230871	-8.804000002	-11.55824224	-8.903666668
-13.27230871	-8.804000002	-11.55824224	-8.903666668
-13.27230871	-8.804000002	-11.55824224	-8.903666668
-13.27230871	-8.804000002	-11.55045103	-9.405114585
-13.27230871	-9.103000002	-11.55824224	-8.903666668
-13.27230871	-8.804000002	-11.55824224	-8.903666668
-13.27230871	-8.804000002	-11.55824224	-8.903666668
-13.27230871	-8.804000002	-11.55824224	-8.903666668
-13.27230871	-8.804000002	-11.55824224	-8.903666668
-13.27230871	-8.804000002	-11.55824224	-8.903666668
-13.27230871	-8.804000002	-11.55824224	-8.903666668
-13.27230871	-8.804000002	-11.55824224	-8.903666668
-13.27230871	-8.804000002	-11.55824224	-8.903666668
-13.27230871	-8.804000002	-11.55824224	-8.856947918
-13.27230871	-8.804000002	-11.55824224	-8.903666668
-13.27230871	-8.804000002	-11.55045103	-9.152833335
-13.27230871	-8.804000002	-11.55824224	-8.903666668
-13.27230871	-8.804000002	-11.55045103	-9.451833335
-13.27230871	-8.804000002	-11.55824224	-8.903666668
-13.27230871	-8.804000002	-11.55824224	-8.903666668
			
			
G31	
X Z		
-2.072462182	1.744166666		
-2.072462182	1.046499999		
-2.072462182	0.996666666		
-2.088044604	1.345499999		
-2.080253393	0.946833333		
-2.080253393	0.797333333		
-2.072462182	0.996666666		
-2.080253393	1.046499999		
-2.088044604	0.747499999		
-2.056879759	1.445166666		
-2.080253393	0.797333333		
-2.088044604	1.096333333		
-2.088044604	1.195999999		
-2.088044604	1.494999999		
-2.080253393	0.847166666		
-2.072462182	1.494999999		
-2.088044604	0.597999999		
-2.080253393	1.295666666		
-2.095835815	1.046499999		
-2.088044604	1.544833333		
-2.080253393	1.544833333		
-2.088044604	1.594666666		
-2.095835815	1.694333333		
-2.111418238	1.195999999		
-2.103627026	1.245833333		
-2.088044604	0.797333333		
-2.103627026	1.544833333		
-2.088044604	1.295666666		
-2.111418238	1.146166666		
-2.095835815	1.544833333		
